
"cake is bad"

Naive Bayes Model:
0
-0.45815341564368245
-3.1228709228644354
-3.1228709228644354
-2.821840927200454
1
-0.4889127794492204
-2.7849737099544005
-2.7849737099544005
-2.0860037056183818
2
-0.484946592231619
-3.1222158782728267
-3.1222158782728267
-1.9760878425945887
  Pos: -8.658476543949138
  Neu: -7.388205912090695
  Neg: -7.840171680522817
  Sentiment is Neutral
Logistic Regression Model:
  Pos: 98.52564414477399
  Neu: 99.82852759048374
  Neg: 100.69711655429025
  Sentiment is Negative

0
-0.45815341564368245
-2.645749668144773
-2.645749668144773
-2.645749668144773
-2.645749668144773
-2.645749668144773
-2.645749668144773
1
-0.4889127794492204
-2.7849737099544005
-2.7849737099544005
-2.7849737099544005
-2.7849737099544005
-2.7849737099544005
-2.7849737099544005
2
-0.484946592231619
-2.8211858826088454
-2.8211858826088454
-2.8211858826088454
-2.8211858826088454
-2.8211858826088454
-2.8211858826088454
0
-0.45815341564368245
-3.1228709228644354
-2.821840927200454
-2.821840927200454
-2.821840927200454
-2.821840927200454
-2.821840927200454
-2.821840927200454
-2.821840927200454
1
-0.4889127794492204
-3.0860037056183818
-3.0860037056183818
-3.0860037056183818
-3.0860037056183818
-3.0860037056183818
-2.4839437142904197
-2.4839437142904197
-2.7849737099544005
2
-0.484946592231619
-3.1222158782728267
-3.1222158782728267
-3.1222158782728267
-3.1222158782728267
-3.1222158782728267
-2.8211858826088454
-2.8211858826088454
-2.8211858826088454
0
-0.45815341564368245
-3.1228709228644354
-2.0814782377062104
-2.0814782377062104
-2.0814782377062104
-2.0814782377062104
1
-0.4889127794492204
-2.7849737099544005
-2.0860037056183818
-2.0860037056183818
-2.0860037056183818
-2.0860037056183818
2
-0.484946592231619
-3.1222158782728267
-2.344064627889183
-2.344064627889183
-2.344064627889183
-2.344064627889183
0
-0.45815341564368245
-3.1228709228644354
-2.645749668144773
-2.645749668144773
-2.344719672480792
-2.5208109315364733
-2.5208109315364733
-2.5208109315364733
-2.0436896768168107
-2.0814782377062104
-2.0814782377062104
-2.219780935872492
-2.219780935872492
-2.219780935872492
-2.219780935872492
1
-0.4889127794492204
-3.0860037056183818
-3.0860037056183818
-2.7849737099544005
-2.6088824508987196
-2.6088824508987196
-2.7849737099544005
-2.7849737099544005
-2.6088824508987196
-2.0860037056183818
-2.0860037056183818
-2.7849737099544005
-2.7849737099544005
-2.7849737099544005
-2.7849737099544005
2
-0.484946592231619
-3.1222158782728267
-2.8211858826088454
-2.8211858826088454
-2.219125891280883
-2.8211858826088454
-2.8211858826088454
-2.8211858826088454
-2.344064627889183
-2.344064627889183
-2.344064627889183
-2.219125891280883
-2.219125891280883
-2.645094623553164
-2.645094623553164
0
-0.45815341564368245
-3.1228709228644354
-2.821840927200454
-2.5208109315364733
-2.645749668144773
-2.645749668144773
-2.821840927200454
-2.821840927200454
-2.344719672480792
-2.4239009185284166
-2.821840927200454
-2.821840927200454
-2.821840927200454
-2.821840927200454
-2.5208109315364733
-2.5208109315364733
-2.219780935872492
-2.344719672480792
-2.4239009185284166
-1.9767428871861976
-1.9767428871861976
1
-0.4889127794492204
-3.0860037056183818
-2.7849737099544005
-2.2409056656041253
-2.2409056656041253
-2.2409056656041253
-2.6088824508987196
-2.6088824508987196
-2.6088824508987196
-2.6088824508987196
-2.7849737099544005
-2.7849737099544005
-2.7849737099544005
-2.7849737099544005
-2.4839437142904197
-2.4839437142904197
-2.131761196179057
-2.6088824508987196
-2.6088824508987196
-2.3078524552347384
-2.7849737099544005
2
-0.484946592231619
-3.1222158782728267
-2.645094623553164
-2.8211858826088454
-2.423245873936808
-2.423245873936808
-2.8211858826088454
-2.8211858826088454
-2.219125891280883
-2.219125891280883
-2.8211858826088454
-2.8211858826088454
-2.8211858826088454
-2.8211858826088454
-2.344064627889183
-2.344064627889183
-2.0808231931146017
-2.219125891280883
-2.219125891280883
-2.520155886944864
-2.520155886944864
0
-0.45815341564368245
-3.1228709228644354
-3.1228709228644354
-3.1228709228644354
-3.1228709228644354
-2.1686284134251106
-2.1686284134251106
-2.1686284134251106
-2.1686284134251106
-2.645749668144773
-2.5208109315364733
-2.5208109315364733
-2.219780935872492
-2.821840927200454
-2.645749668144773
-2.645749668144773
-2.645749668144773
-2.645749668144773
-2.645749668144773
-2.645749668144773
1
-0.4889127794492204
-3.0860037056183818
-2.7849737099544005
-2.7849737099544005
-2.7849737099544005
-2.4839437142904197
-2.4839437142904197
-2.4839437142904197
-2.4839437142904197
-2.6088824508987196
-2.4839437142904197
-2.4839437142904197
-2.131761196179057
-2.7849737099544005
-2.387033701282363
-2.387033701282363
-2.387033701282363
-2.387033701282363
-2.387033701282363
-2.387033701282363
2
-0.484946592231619
-3.1222158782728267
-3.1222158782728267
-3.1222158782728267
-2.423245873936808
-2.344064627889183
-2.344064627889183
-2.344064627889183
-2.344064627889183
-2.344064627889183
-2.344064627889183
-2.344064627889183
-2.0808231931146017
-2.8211858826088454
-2.8211858826088454
-2.8211858826088454
-2.8211858826088454
-2.8211858826088454
-2.645094623553164
-2.645094623553164
0
-0.45815341564368245
-3.1228709228644354
-3.1228709228644354
-3.1228709228644354
-3.1228709228644354
-2.008927570557599
-2.277772882850179
-2.277772882850179
-2.5208109315364733
-2.645749668144773
-2.645749668144773
-2.645749668144773
-2.645749668144773
-2.645749668144773
-2.645749668144773
-2.645749668144773
-2.4239009185284166
1
-0.4889127794492204
-3.0860037056183818
-2.7849737099544005
-2.7849737099544005
-2.7849737099544005
-2.387033701282363
-2.387033701282363
-2.4839437142904197
-2.1829137186264385
-2.7849737099544005
-2.7849737099544005
-2.7849737099544005
-2.7849737099544005
-2.7849737099544005
-2.7849737099544005
-2.7849737099544005
-2.7849737099544005
2
-0.484946592231619
-3.1222158782728267
-3.1222158782728267
-3.1222158782728267
-3.1222158782728267
-2.520155886944864
-2.8211858826088454
-2.8211858826088454
-2.8211858826088454
-2.8211858826088454
-2.8211858826088454
-2.8211858826088454
-2.8211858826088454
-2.8211858826088454
-2.8211858826088454
-2.8211858826088454
-2.520155886944864
0
-0.45815341564368245
-3.1228709228644354
-2.645749668144773
-2.821840927200454
-2.008927570557599
-2.645749668144773
-2.0814782377062104
-2.0814782377062104
-2.0814782377062104
-2.0814782377062104
-2.0814782377062104
1
-0.4889127794492204
-3.0860037056183818
-3.0860037056183818
-2.7849737099544005
-2.387033701282363
-2.6088824508987196
-2.0860037056183818
-2.0860037056183818
-2.0860037056183818
-2.7849737099544005
-2.7849737099544005
2
-0.484946592231619
-3.1222158782728267
-2.8211858826088454
-2.8211858826088454
-2.520155886944864
-2.645094623553164
-2.344064627889183
-2.344064627889183
-2.344064627889183
-2.344064627889183
-2.344064627889183
0
-0.45815341564368245
-3.1228709228644354
-3.1228709228644354
-3.1228709228644354
-2.645749668144773
-2.645749668144773
-2.821840927200454
-2.821840927200454
-2.821840927200454
-2.821840927200454
-2.821840927200454
-2.821840927200454
-2.821840927200454
1
-0.4889127794492204
-3.0860037056183818
-2.7849737099544005
-2.7849737099544005
-2.7849737099544005
-2.7849737099544005
-2.7849737099544005
-2.7849737099544005
-2.7849737099544005
-2.7849737099544005
-2.7849737099544005
-2.7849737099544005
-2.7849737099544005
2
-0.484946592231619
-3.1222158782728267
-2.8211858826088454
-2.8211858826088454
-2.8211858826088454
-2.8211858826088454
-2.645094623553164
-2.645094623553164
-2.8211858826088454
-2.8211858826088454
-2.8211858826088454
-2.8211858826088454
-2.8211858826088454
0
-0.45815341564368245
-3.1228709228644354
-2.277772882850179
-2.645749668144773
-1.9767428871861976
-1.9767428871861976
-1.9767428871861976
-1.9767428871861976
-1.9767428871861976
-2.5208109315364733
-2.5208109315364733
-2.5208109315364733
-2.5208109315364733
1
-0.4889127794492204
-3.0860037056183818
-3.0860037056183818
-2.7849737099544005
-2.3078524552347384
-2.3078524552347384
-2.7849737099544005
-2.7849737099544005
-2.7849737099544005
-2.7849737099544005
-2.7849737099544005
-2.7849737099544005
-2.7849737099544005
2
-0.484946592231619
-3.1222158782728267
-2.8211858826088454
-2.8211858826088454
-2.520155886944864
-2.520155886944864
-2.520155886944864
-2.520155886944864
-2.8211858826088454
-2.8211858826088454
-2.8211858826088454
-2.8211858826088454
-2.8211858826088454
0
-0.45815341564368245
-3.1228709228644354
-2.821840927200454
-2.645749668144773
-2.645749668144773
-2.645749668144773
-2.645749668144773
-2.645749668144773
-2.645749668144773
-2.645749668144773
1
-0.4889127794492204
-3.0860037056183818
-2.3078524552347384
-2.7849737099544005
-2.7849737099544005
-2.7849737099544005
-2.7849737099544005
-2.6088824508987196
-2.6088824508987196
-2.6088824508987196
2
-0.484946592231619
-3.1222158782728267
-2.043034632225202
-2.2771178382585697
-2.2771178382585697
-2.2771178382585697
-2.2771178382585697
-2.645094623553164
-2.645094623553164
-2.8211858826088454
0
-0.45815341564368245
-3.1228709228644354
-3.1228709228644354
-3.1228709228644354
-3.1228709228644354
-2.5208109315364733
-2.5208109315364733
-2.5208109315364733
-2.5208109315364733
-2.821840927200454
1
-0.4889127794492204
-2.7849737099544005
-2.7849737099544005
-2.7849737099544005
-2.7849737099544005
-2.387033701282363
-2.387033701282363
-2.7849737099544005
-2.7849737099544005
-2.0860037056183818
2
-0.484946592231619
-2.8211858826088454
-2.8211858826088454
-2.8211858826088454
-2.645094623553164
-2.8211858826088454
-2.8211858826088454
-2.645094623553164
-2.645094623553164
-1.9760878425945887
0
-0.45815341564368245
-3.1228709228644354
1
-0.4889127794492204
-2.7849737099544005
2
-0.484946592231619
-3.1222158782728267
0
-0.45815341564368245
-2.821840927200454
-2.821840927200454
-2.5208109315364733
-2.5208109315364733
1
-0.4889127794492204
-3.0860037056183818
-3.0860037056183818
-3.0860037056183818
-2.7849737099544005
2
-0.484946592231619
-2.645094623553164
-2.645094623553164
-2.645094623553164
-2.645094623553164
0
-0.45815341564368245
-2.821840927200454
-2.821840927200454
-2.821840927200454
-2.821840927200454
1
-0.4889127794492204
-2.6088824508987196
-2.6088824508987196
-2.6088824508987196
-2.7849737099544005
2
-0.484946592231619
-2.8211858826088454
-2.8211858826088454
-2.8211858826088454
-2.8211858826088454
0
-0.45815341564368245
-3.1228709228644354
-3.1228709228644354
-3.1228709228644354
-3.1228709228644354
-2.645749668144773
-2.1228709228644354
-2.1228709228644354
-2.645749668144773
-2.645749668144773
-2.645749668144773
-2.645749668144773
-2.645749668144773
-2.645749668144773
1
-0.4889127794492204
-3.0860037056183818
-3.0860037056183818
-3.0860037056183818
-3.0860037056183818
-2.7849737099544005
-2.7849737099544005
-2.7849737099544005
-2.7849737099544005
-2.7849737099544005
-2.7849737099544005
-2.7849737099544005
-2.7849737099544005
-2.7849737099544005
2
-0.484946592231619
-3.1222158782728267
-2.8211858826088454
-2.8211858826088454
-2.8211858826088454
-2.8211858826088454
-2.8211858826088454
-2.8211858826088454
-2.8211858826088454
-2.8211858826088454
-2.8211858826088454
-2.8211858826088454
-2.8211858826088454
-2.8211858826088454
0
-0.45815341564368245
-3.1228709228644354
-3.1228709228644354
-3.1228709228644354
-3.1228709228644354
-3.1228709228644354
-3.1228709228644354
-2.0436896768168107
-2.1228709228644354
-2.1228709228644354
-2.4239009185284166
1
-0.4889127794492204
-3.0860037056183818
-2.7849737099544005
-2.7849737099544005
-2.7849737099544005
-2.7849737099544005
-2.7849737099544005
-2.6088824508987196
-2.6088824508987196
-2.6088824508987196
-2.6088824508987196
2
-0.484946592231619
-3.1222158782728267
-3.1222158782728267
-3.1222158782728267
-3.1222158782728267
-3.1222158782728267
-3.1222158782728267
-2.344064627889183
-2.344064627889183
-2.344064627889183
-2.344064627889183
0
-0.45815341564368245
-3.1228709228644354
-2.821840927200454
-2.219780935872492
-2.219780935872492
-2.4239009185284166
-2.4239009185284166
-2.4239009185284166
-2.4239009185284166
-2.008927570557599
-2.008927570557599
-2.008927570557599
-2.344719672480792
-2.344719672480792
1
-0.4889127794492204
-3.0860037056183818
-2.6088824508987196
-2.6088824508987196
-2.6088824508987196
-2.2409056656041253
-2.2409056656041253
-2.7849737099544005
-2.7849737099544005
-2.387033701282363
-2.387033701282363
-2.387033701282363
-2.6088824508987196
-2.6088824508987196
2
-0.484946592231619
-3.1222158782728267
-2.8211858826088454
-2.520155886944864
-2.520155886944864
-2.645094623553164
-2.645094623553164
-2.645094623553164
-2.645094623553164
-2.520155886944864
-2.520155886944864
-2.520155886944864
-2.219125891280883
-2.645094623553164
0
-0.45815341564368245
-3.1228709228644354
-3.1228709228644354
-3.1228709228644354
-3.1228709228644354
-3.1228709228644354
-3.1228709228644354
-2.821840927200454
1
-0.4889127794492204
-3.0860037056183818
-3.0860037056183818
-3.0860037056183818
-3.0860037056183818
-2.7849737099544005
-2.7849737099544005
-2.7849737099544005
2
-0.484946592231619
-3.1222158782728267
-3.1222158782728267
-3.1222158782728267
-3.1222158782728267
-3.1222158782728267
-3.1222158782728267
-2.344064627889183
0
-0.45815341564368245
-2.645749668144773
-2.645749668144773
-2.645749668144773
-2.645749668144773
-2.645749668144773
-2.219780935872492
-2.219780935872492
-2.219780935872492
-2.219780935872492
-2.219780935872492
-2.219780935872492
-2.645749668144773
-2.645749668144773
-2.645749668144773
1
-0.4889127794492204
-2.7849737099544005
-2.7849737099544005
-2.7849737099544005
-2.7849737099544005
-2.7849737099544005
-1.9398756699401438
-1.9398756699401438
-1.9398756699401438
-1.9398756699401438
-1.9398756699401438
-2.6088824508987196
-2.6088824508987196
-2.7849737099544005
-2.7849737099544005
2
-0.484946592231619
-2.8211858826088454
-2.8211858826088454
-2.8211858826088454
-2.8211858826088454
-2.8211858826088454
-2.219125891280883
-2.219125891280883
-2.8211858826088454
-2.8211858826088454
-2.8211858826088454
-2.520155886944864
-2.423245873936808
-2.8211858826088454
-2.8211858826088454
0
-0.45815341564368245
-2.4239009185284166
-2.4239009185284166
-2.5208109315364733
-2.5208109315364733
-2.645749668144773
-2.645749668144773
-2.645749668144773
-2.645749668144773
-2.821840927200454
1
-0.4889127794492204
-2.6088824508987196
-2.6088824508987196
-2.4839437142904197
-2.4839437142904197
-2.387033701282363
-2.7849737099544005
-2.7849737099544005
-2.7849737099544005
-2.7849737099544005
2
-0.484946592231619
-3.1222158782728267
-3.1222158782728267
-2.344064627889183
-2.344064627889183
-2.8211858826088454
-2.8211858826088454
-2.8211858826088454
-2.8211858826088454
-2.344064627889183
0
-0.45815341564368245
-2.645749668144773
-2.821840927200454
-2.821840927200454
-2.821840927200454
-2.821840927200454
-2.821840927200454
-2.821840927200454
-2.821840927200454
-2.821840927200454
-2.821840927200454
-2.645749668144773
-2.645749668144773
-2.645749668144773
-2.645749668144773
1
-0.4889127794492204
-2.7849737099544005
-2.7849737099544005
-2.7849737099544005
-2.7849737099544005
-2.7849737099544005
-2.7849737099544005
-2.7849737099544005
-2.7849737099544005
-2.7849737099544005
-2.7849737099544005
-2.7849737099544005
-2.7849737099544005
-2.7849737099544005
-2.7849737099544005
2
-0.484946592231619
-2.8211858826088454
-2.8211858826088454
-2.8211858826088454
-2.8211858826088454
-2.8211858826088454
-2.8211858826088454
-2.8211858826088454
-2.8211858826088454
-2.8211858826088454
-2.8211858826088454
-2.8211858826088454
-2.8211858826088454
-2.8211858826088454
-2.8211858826088454
0
-0.45815341564368245
-3.1228709228644354
-3.1228709228644354
-3.1228709228644354
-2.821840927200454
-2.4239009185284166
-2.4239009185284166
-2.4239009185284166
-2.645749668144773
-2.219780935872492
-2.5208109315364733
-2.5208109315364733
-2.5208109315364733
-2.645749668144773
-2.821840927200454
-2.4239009185284166
1
-0.4889127794492204
-2.7849737099544005
-2.7849737099544005
-2.7849737099544005
-2.7849737099544005
-2.6088824508987196
-2.3078524552347384
-2.3078524552347384
-2.7849737099544005
-2.7849737099544005
-2.7849737099544005
-2.7849737099544005
-2.7849737099544005
-2.7849737099544005
-2.7849737099544005
-2.7849737099544005
2
-0.484946592231619
-2.8211858826088454
-2.8211858826088454
-2.8211858826088454
-2.423245873936808
-2.645094623553164
-2.8211858826088454
-2.8211858826088454
-2.8211858826088454
-2.8211858826088454
-2.8211858826088454
-2.8211858826088454
-2.8211858826088454
-2.8211858826088454
-2.8211858826088454
-2.520155886944864
0
-0.45815341564368245
-3.1228709228644354
-2.277772882850179
-2.277772882850179
-2.277772882850179
-2.277772882850179
-2.5208109315364733
-2.5208109315364733
-2.1686284134251106
1
-0.4889127794492204
-3.0860037056183818
-2.4839437142904197
-2.6088824508987196
-2.6088824508987196
-2.6088824508987196
-2.7849737099544005
-2.7849737099544005
-2.387033701282363
2
-0.484946592231619
-3.1222158782728267
-2.520155886944864
-2.645094623553164
-2.645094623553164
-2.645094623553164
-2.520155886944864
-2.520155886944864
-2.344064627889183
0
-0.45815341564368245
-3.1228709228644354
-2.645749668144773
-2.645749668144773
-2.5208109315364733
-2.5208109315364733
-2.645749668144773
-2.1686284134251106
-2.821840927200454
-2.5208109315364733
-2.5208109315364733
-2.821840927200454
-2.821840927200454
-2.821840927200454
-2.5208109315364733
-2.5208109315364733
-2.5208109315364733
-2.1686284134251106
1
-0.4889127794492204
-3.0860037056183818
-2.6088824508987196
-2.7849737099544005
-2.6088824508987196
-2.6088824508987196
-2.6088824508987196
-2.4839437142904197
-2.6088824508987196
-2.387033701282363
-2.387033701282363
-2.6088824508987196
-2.3078524552347384
-2.3078524552347384
-2.3078524552347384
-2.7849737099544005
-2.7849737099544005
-2.387033701282363
2
-0.484946592231619
-3.1222158782728267
-3.1222158782728267
-2.645094623553164
-2.520155886944864
-2.8211858826088454
-2.520155886944864
-2.344064627889183
-2.520155886944864
-2.520155886944864
-2.520155886944864
-2.8211858826088454
-2.043034632225202
-2.043034632225202
-2.043034632225202
-2.043034632225202
-2.043034632225202
-2.344064627889183
0
-0.45815341564368245
-3.1228709228644354
-3.1228709228644354
-2.5208109315364733
-2.5208109315364733
-2.5208109315364733
-2.821840927200454
-2.821840927200454
-2.219780935872492
1
-0.4889127794492204
-3.0860037056183818
-2.7849737099544005
-2.387033701282363
-2.387033701282363
-2.387033701282363
-2.387033701282363
-2.387033701282363
-2.131761196179057
2
-0.484946592231619
-3.1222158782728267
-3.1222158782728267
-2.423245873936808
-2.423245873936808
-2.423245873936808
-2.8211858826088454
-2.8211858826088454
-2.0808231931146017
0
-0.45815341564368245
-2.645749668144773
-2.645749668144773
-2.645749668144773
-2.1228709228644354
-2.821840927200454
-2.821840927200454
-2.821840927200454
-2.821840927200454
-2.219780935872492
-2.219780935872492
-2.821840927200454
-2.821840927200454
1
-0.4889127794492204
-2.7849737099544005
-2.7849737099544005
-2.7849737099544005
-2.7849737099544005
-2.7849737099544005
-2.7849737099544005
-2.7849737099544005
-2.7849737099544005
-1.9398756699401438
-1.9398756699401438
-2.7849737099544005
-2.7849737099544005
2
-0.484946592231619
-2.8211858826088454
-2.8211858826088454
-2.8211858826088454
-2.8211858826088454
-2.423245873936808
-2.423245873936808
-2.423245873936808
-2.423245873936808
-2.219125891280883
-2.219125891280883
-2.219125891280883
-2.8211858826088454
0
-0.45815341564368245
-3.1228709228644354
-2.821840927200454
-2.645749668144773
-2.0814782377062104
-2.0814782377062104
-2.5208109315364733
-2.5208109315364733
1
-0.4889127794492204
-3.0860037056183818
-2.3078524552347384
-2.7849737099544005
-2.044611020460157
-2.044611020460157
-2.2409056656041253
-2.7849737099544005
2
-0.484946592231619
-3.1222158782728267
-2.043034632225202
-2.2771178382585697
-2.344064627889183
-2.344064627889183
-2.8211858826088454
-2.8211858826088454
0
-0.45815341564368245
-3.1228709228644354
-2.4239009185284166
-2.645749668144773
-2.645749668144773
1
-0.4889127794492204
-3.0860037056183818
-3.0860037056183818
-2.7849737099544005
-2.7849737099544005
2
-0.484946592231619
-3.1222158782728267
-3.1222158782728267
-2.8211858826088454
-2.8211858826088454
0
-0.45815341564368245
-2.645749668144773
-2.645749668144773
-2.219780935872492
-2.0436896768168107
-2.821840927200454
-2.821840927200454
-2.821840927200454
-2.645749668144773
1
-0.4889127794492204
-2.4839437142904197
-2.7849737099544005
-2.7849737099544005
-2.6088824508987196
-2.6088824508987196
-2.7849737099544005
-2.7849737099544005
-2.6088824508987196
2
-0.484946592231619
-2.8211858826088454
-2.8211858826088454
-2.219125891280883
-2.344064627889183
-2.8211858826088454
-2.8211858826088454
-2.8211858826088454
-2.8211858826088454
0
-0.45815341564368245
-2.4239009185284166
-2.4239009185284166
-2.645749668144773
-2.645749668144773
-2.645749668144773
-2.645749668144773
-2.219780935872492
-2.219780935872492
1
-0.4889127794492204
-2.6088824508987196
-2.6088824508987196
-2.7849737099544005
-2.7849737099544005
-2.387033701282363
-2.6088824508987196
-2.6088824508987196
-2.6088824508987196
2
-0.484946592231619
-3.1222158782728267
-3.1222158782728267
-2.8211858826088454
-2.8211858826088454
-2.8211858826088454
-2.8211858826088454
-2.520155886944864
-2.520155886944864
0
-0.45815341564368245
-2.645749668144773
-2.821840927200454
-2.821840927200454
-2.821840927200454
1
-0.4889127794492204
-2.1829137186264385
-2.3078524552347384
-2.387033701282363
-2.387033701282363
2
-0.484946592231619
-2.520155886944864
-2.043034632225202
-2.423245873936808
-2.645094623553164
0
-0.45815341564368245
-3.1228709228644354
-3.1228709228644354
-2.821840927200454
-2.821840927200454
-2.821840927200454
-2.821840927200454
-2.821840927200454
-2.821840927200454
-2.645749668144773
-2.4239009185284166
-2.4239009185284166
-2.4239009185284166
1
-0.4889127794492204
-3.0860037056183818
-3.0860037056183818
-2.7849737099544005
-2.7849737099544005
-2.7849737099544005
-2.7849737099544005
-2.7849737099544005
-2.7849737099544005
-2.7849737099544005
-2.7849737099544005
-2.7849737099544005
-2.7849737099544005
2
-0.484946592231619
-3.1222158782728267
-3.1222158782728267
-2.520155886944864
-2.520155886944864
-2.520155886944864
-2.520155886944864
-2.520155886944864
-2.520155886944864
-2.8211858826088454
-2.645094623553164
-2.645094623553164
-2.645094623553164
0
-0.45815341564368245
-3.1228709228644354
-3.1228709228644354
-3.1228709228644354
-3.1228709228644354
-3.1228709228644354
-2.4239009185284166
-2.4239009185284166
-2.4239009185284166
-2.4239009185284166
-2.4239009185284166
-2.821840927200454
1
-0.4889127794492204
-3.0860037056183818
-2.7849737099544005
-2.7849737099544005
-2.6088824508987196
-2.6088824508987196
-2.6088824508987196
-2.6088824508987196
-2.2409056656041253
-2.2409056656041253
-2.6088824508987196
-2.6088824508987196
2
-0.484946592231619
-3.1222158782728267
-3.1222158782728267
-3.1222158782728267
-3.1222158782728267
-3.1222158782728267
-2.645094623553164
-2.8211858826088454
-2.8211858826088454
-2.8211858826088454
-2.645094623553164
-2.645094623553164
0
-0.45815341564368245
-3.1228709228644354
-2.821840927200454
-2.0814782377062104
-2.5208109315364733
-2.5208109315364733
-2.5208109315364733
-2.5208109315364733
-2.821840927200454
-2.821840927200454
-2.0814782377062104
-2.0814782377062104
1
-0.4889127794492204
-3.0860037056183818
-2.3078524552347384
-2.044611020460157
-2.2409056656041253
-2.7849737099544005
-2.7849737099544005
-2.7849737099544005
-2.3078524552347384
-2.387033701282363
-2.044611020460157
-2.387033701282363
2
-0.484946592231619
-3.1222158782728267
-2.043034632225202
-2.344064627889183
-2.8211858826088454
-2.8211858826088454
-2.8211858826088454
-2.8211858826088454
-2.043034632225202
-2.8211858826088454
-2.344064627889183
-2.645094623553164
0
-0.45815341564368245
-3.1228709228644354
-3.1228709228644354
-3.1228709228644354
-2.277772882850179
-2.821840927200454
-2.821840927200454
1
-0.4889127794492204
-3.0860037056183818
-2.7849737099544005
-2.7849737099544005
-2.4839437142904197
-2.6088824508987196
-2.6088824508987196
2
-0.484946592231619
-2.8211858826088454
-2.8211858826088454
-2.8211858826088454
-2.520155886944864
-2.8211858826088454
-2.8211858826088454
0
-0.45815341564368245
-3.1228709228644354
-2.645749668144773
-2.277772882850179
-2.821840927200454
-2.821840927200454
-2.821840927200454
-2.821840927200454
1
-0.4889127794492204
-3.0860037056183818
-2.7849737099544005
-2.4839437142904197
-2.4839437142904197
-2.2409056656041253
-2.2409056656041253
-2.2409056656041253
2
-0.484946592231619
-3.1222158782728267
-2.2771178382585697
-2.520155886944864
-2.520155886944864
-2.520155886944864
-2.520155886944864
-2.520155886944864
0
-0.45815341564368245
-3.1228709228644354
-3.1228709228644354
-3.1228709228644354
-3.1228709228644354
-2.821840927200454
-2.821840927200454
-2.5208109315364733
-2.821840927200454
-2.821840927200454
1
-0.4889127794492204
-3.0860037056183818
-2.7849737099544005
-2.7849737099544005
-2.7849737099544005
-2.7849737099544005
-2.7849737099544005
-2.387033701282363
-2.387033701282363
-2.7849737099544005
2
-0.484946592231619
-3.1222158782728267
-2.645094623553164
-2.645094623553164
-2.645094623553164
-2.645094623553164
-2.645094623553164
-2.8211858826088454
-2.8211858826088454
-2.8211858826088454
0
-0.45815341564368245
-3.1228709228644354
-2.645749668144773
-2.821840927200454
-2.821840927200454
-2.821840927200454
-2.645749668144773
1
-0.4889127794492204
-3.0860037056183818
-2.6088824508987196
-2.6088824508987196
-2.6088824508987196
-2.6088824508987196
-2.4839437142904197
2
-0.484946592231619
-3.1222158782728267
-3.1222158782728267
-3.1222158782728267
-2.8211858826088454
-2.520155886944864
-2.423245873936808
0
-0.45815341564368245
-2.645749668144773
-2.645749668144773
-2.645749668144773
-2.645749668144773
1
-0.4889127794492204
-2.7849737099544005
-2.7849737099544005
-2.7849737099544005
-2.387033701282363
2
-0.484946592231619
-2.8211858826088454
-2.8211858826088454
-2.8211858826088454
-2.8211858826088454
0
-0.45815341564368245
-3.1228709228644354
-3.1228709228644354
-2.219780935872492
-2.5208109315364733
-2.5208109315364733
-2.5208109315364733
-2.4239009185284166
-2.4239009185284166
-2.4239009185284166
-2.821840927200454
-2.821840927200454
1
-0.4889127794492204
-2.7849737099544005
-2.7849737099544005
-1.9398756699401438
-2.7849737099544005
-2.7849737099544005
-2.4839437142904197
-2.7849737099544005
-2.7849737099544005
-2.7849737099544005
-2.3078524552347384
-2.3078524552347384
2
-0.484946592231619
-3.1222158782728267
-3.1222158782728267
-2.219125891280883
-2.520155886944864
-2.520155886944864
-2.520155886944864
-2.520155886944864
-2.520155886944864
-2.520155886944864
-2.423245873936808
-2.423245873936808
0
-0.45815341564368245
-3.1228709228644354
-3.1228709228644354
-3.1228709228644354
-3.1228709228644354
-3.1228709228644354
1
-0.4889127794492204
-2.7849737099544005
-2.7849737099544005
-2.2409056656041253
-2.2409056656041253
-2.2409056656041253
2
-0.484946592231619
-3.1222158782728267
-3.1222158782728267
-3.1222158782728267
-3.1222158782728267
-3.1222158782728267
0
-0.45815341564368245
-3.1228709228644354
-3.1228709228644354
-3.1228709228644354
-2.008927570557599
-2.008927570557599
1
-0.4889127794492204
-3.0860037056183818
-2.7849737099544005
-2.7849737099544005
-2.387033701282363
-2.387033701282363
2
-0.484946592231619
-3.1222158782728267
-3.1222158782728267
-3.1222158782728267
-2.520155886944864
-2.520155886944864
0
-0.45815341564368245
-2.008927570557599
-2.219780935872492
-2.219780935872492
-2.219780935872492
-2.645749668144773
-2.645749668144773
-2.008927570557599
-2.008927570557599
1
-0.4889127794492204
-2.387033701282363
-2.7849737099544005
-2.7849737099544005
-2.7849737099544005
-2.387033701282363
-2.387033701282363
-2.387033701282363
-2.2409056656041253
2
-0.484946592231619
-2.0082725259659897
-2.8211858826088454
-2.8211858826088454
-2.8211858826088454
-2.2771178382585697
-2.2771178382585697
-2.520155886944864
-2.520155886944864
0
-0.45815341564368245
-3.1228709228644354
-2.821840927200454
-2.645749668144773
-2.5208109315364733
-2.5208109315364733
-2.821840927200454
-2.645749668144773
-2.821840927200454
-2.821840927200454
-2.821840927200454
-2.821840927200454
-2.821840927200454
1
-0.4889127794492204
-3.0860037056183818
-2.3078524552347384
-2.4839437142904197
-2.7849737099544005
-2.7849737099544005
-2.3078524552347384
-2.7849737099544005
-2.7849737099544005
-2.7849737099544005
-2.7849737099544005
-2.7849737099544005
-2.7849737099544005
2
-0.484946592231619
-3.1222158782728267
-2.043034632225202
-2.8211858826088454
-2.8211858826088454
-2.8211858826088454
-2.423245873936808
-2.8211858826088454
-2.8211858826088454
-2.8211858826088454
-2.8211858826088454
-2.8211858826088454
-2.8211858826088454
0
-0.45815341564368245
-3.1228709228644354
-2.4239009185284166
-2.4239009185284166
-2.4239009185284166
-2.4239009185284166
-2.821840927200454
-2.821840927200454
1
-0.4889127794492204
-2.7849737099544005
-2.6088824508987196
-2.3078524552347384
-2.3078524552347384
-2.3078524552347384
-2.7849737099544005
-2.7849737099544005
2
-0.484946592231619
-3.1222158782728267
-2.645094623553164
-2.8211858826088454
-2.8211858826088454
-2.8211858826088454
-2.520155886944864
-2.645094623553164
0
-0.45815341564368245
-3.1228709228644354
-2.4239009185284166
-2.4239009185284166
-2.4239009185284166
-2.4239009185284166
-2.821840927200454
-2.821840927200454
-2.645749668144773
-2.821840927200454
-2.821840927200454
-2.821840927200454
1
-0.4889127794492204
-2.7849737099544005
-2.6088824508987196
-2.6088824508987196
-2.6088824508987196
-2.2409056656041253
-2.7849737099544005
-2.7849737099544005
-2.6088824508987196
-2.6088824508987196
-2.6088824508987196
-2.6088824508987196
2
-0.484946592231619
-3.1222158782728267
-2.645094623553164
-2.8211858826088454
-2.8211858826088454
-2.645094623553164
-2.8211858826088454
-2.8211858826088454
-2.645094623553164
-2.645094623553164
-2.645094623553164
-2.645094623553164
0
-0.45815341564368245
-2.344719672480792
-2.344719672480792
-2.344719672480792
-2.821840927200454
-2.821840927200454
-2.821840927200454
-2.821840927200454
-2.821840927200454
-2.821840927200454
-1.9767428871861976
-1.9767428871861976
1
-0.4889127794492204
-2.3078524552347384
-2.3078524552347384
-2.3078524552347384
-2.7849737099544005
-2.7849737099544005
-2.6088824508987196
-2.6088824508987196
-2.6088824508987196
-2.3078524552347384
-2.3078524552347384
-2.7849737099544005
2
-0.484946592231619
-2.0082725259659897
-2.0082725259659897
-2.0082725259659897
-2.0082725259659897
-2.0082725259659897
-2.0082725259659897
-2.0082725259659897
-2.0082725259659897
-2.8211858826088454
-2.520155886944864
-2.520155886944864
0
-0.45815341564368245
-2.645749668144773
-2.1686284134251106
-2.1686284134251106
-2.821840927200454
-2.821840927200454
-2.008927570557599
-2.645749668144773
1
-0.4889127794492204
-2.7849737099544005
-2.387033701282363
-2.7849737099544005
-2.387033701282363
-2.387033701282363
-2.387033701282363
-2.387033701282363
2
-0.484946592231619
-2.8211858826088454
-2.344064627889183
-2.344064627889183
-2.423245873936808
-2.423245873936808
-2.0082725259659897
-2.520155886944864
0
-0.45815341564368245
-2.821840927200454
-2.219780935872492
-2.219780935872492
-2.821840927200454
-2.821840927200454
-2.5208109315364733
-2.5208109315364733
-2.5208109315364733
-2.4239009185284166
-2.5208109315364733
-2.645749668144773
-2.1686284134251106
-2.1686284134251106
1
-0.4889127794492204
-3.0860037056183818
-1.9398756699401438
-1.9398756699401438
-2.7849737099544005
-2.7849737099544005
-2.7849737099544005
-2.7849737099544005
-2.2409056656041253
-2.2409056656041253
-2.7849737099544005
-2.7849737099544005
-2.387033701282363
-2.7849737099544005
2
-0.484946592231619
-2.645094623553164
-2.219125891280883
-2.219125891280883
-2.219125891280883
-2.219125891280883
-2.8211858826088454
-2.8211858826088454
-2.8211858826088454
-2.645094623553164
-2.520155886944864
-2.8211858826088454
-2.344064627889183
-2.344064627889183
0
-0.45815341564368245
-3.1228709228644354
-2.645749668144773
-2.645749668144773
-2.821840927200454
-2.821840927200454
1
-0.4889127794492204
-2.7849737099544005
-2.387033701282363
-2.387033701282363
-2.387033701282363
-2.6088824508987196
2
-0.484946592231619
-3.1222158782728267
-2.8211858826088454
-2.8211858826088454
-2.8211858826088454
-2.520155886944864
0
-0.45815341564368245
-3.1228709228644354
-2.645749668144773
-2.645749668144773
-2.645749668144773
-2.821840927200454
-2.821840927200454
1
-0.4889127794492204
-2.7849737099544005
-2.387033701282363
-2.387033701282363
-2.387033701282363
-2.3078524552347384
-2.3078524552347384
2
-0.484946592231619
-3.1222158782728267
-2.8211858826088454
-2.8211858826088454
-2.8211858826088454
-2.423245873936808
-2.423245873936808
0
-0.45815341564368245
-2.645749668144773
-2.821840927200454
-2.821840927200454
-2.5208109315364733
-2.5208109315364733
-2.5208109315364733
-2.219780935872492
-2.219780935872492
-2.219780935872492
-2.821840927200454
-2.821840927200454
-2.821840927200454
-2.821840927200454
-2.821840927200454
1
-0.4889127794492204
-2.7849737099544005
-2.7849737099544005
-2.7849737099544005
-2.6088824508987196
-2.6088824508987196
-2.6088824508987196
-2.7849737099544005
-2.7849737099544005
-2.7849737099544005
-2.7849737099544005
-2.7849737099544005
-2.7849737099544005
-2.7849737099544005
-2.7849737099544005
2
-0.484946592231619
-2.8211858826088454
-2.645094623553164
-2.645094623553164
-2.8211858826088454
-2.8211858826088454
-2.8211858826088454
-2.219125891280883
-2.219125891280883
-2.219125891280883
-2.219125891280883
-2.219125891280883
-2.219125891280883
-2.219125891280883
-2.219125891280883
0
-0.45815341564368245
-2.645749668144773
-2.645749668144773
-2.645749668144773
-2.645749668144773
-2.4239009185284166
-2.4239009185284166
-2.5208109315364733
1
-0.4889127794492204
-2.3078524552347384
-2.3078524552347384
-2.3078524552347384
-2.7849737099544005
-2.2409056656041253
-2.2409056656041253
-2.4839437142904197
2
-0.484946592231619
-2.645094623553164
-2.645094623553164
-2.645094623553164
-2.645094623553164
-2.645094623553164
-2.645094623553164
-2.645094623553164
0
-0.45815341564368245
-3.1228709228644354
-2.821840927200454
-2.821840927200454
-2.821840927200454
-2.821840927200454
-2.645749668144773
-2.645749668144773
-2.645749668144773
-2.821840927200454
1
-0.4889127794492204
-3.0860037056183818
-3.0860037056183818
-3.0860037056183818
-3.0860037056183818
-3.0860037056183818
-2.4839437142904197
-2.7849737099544005
-2.7849737099544005
-2.7849737099544005
2
-0.484946592231619
-3.1222158782728267
-3.1222158782728267
-3.1222158782728267
-3.1222158782728267
-3.1222158782728267
-2.8211858826088454
-2.8211858826088454
-2.8211858826088454
-2.8211858826088454
0
-0.45815341564368245
-3.1228709228644354
-2.645749668144773
-2.645749668144773
-2.645749668144773
-2.219780935872492
-2.219780935872492
-2.219780935872492
-2.219780935872492
-2.821840927200454
-2.821840927200454
1
-0.4889127794492204
-3.0860037056183818
-2.6088824508987196
-2.6088824508987196
-2.6088824508987196
-2.131761196179057
-2.6088824508987196
-2.6088824508987196
-2.6088824508987196
-2.6088824508987196
-2.7849737099544005
2
-0.484946592231619
-3.1222158782728267
-3.1222158782728267
-3.1222158782728267
-3.1222158782728267
-2.0808231931146017
-2.8211858826088454
-2.8211858826088454
-2.8211858826088454
-2.8211858826088454
-2.8211858826088454
0
-0.45815341564368245
-3.1228709228644354
-3.1228709228644354
-3.1228709228644354
-3.1228709228644354
-3.1228709228644354
-3.1228709228644354
-3.1228709228644354
-3.1228709228644354
-3.1228709228644354
-2.821840927200454
-2.4239009185284166
-2.4239009185284166
-2.5208109315364733
-2.5208109315364733
-2.0814782377062104
-2.0814782377062104
-2.821840927200454
1
-0.4889127794492204
-3.0860037056183818
-2.7849737099544005
-2.7849737099544005
-2.7849737099544005
-2.7849737099544005
-2.7849737099544005
-2.7849737099544005
-2.7849737099544005
-2.7849737099544005
-2.7849737099544005
-2.7849737099544005
-2.7849737099544005
-2.6088824508987196
-2.6088824508987196
-2.044611020460157
-2.044611020460157
-2.6088824508987196
2
-0.484946592231619
-3.1222158782728267
-2.8211858826088454
-2.8211858826088454
-2.8211858826088454
-2.8211858826088454
-2.8211858826088454
-2.8211858826088454
-2.8211858826088454
-2.8211858826088454
-2.8211858826088454
-2.8211858826088454
-2.8211858826088454
-2.520155886944864
-2.520155886944864
-2.344064627889183
-2.344064627889183
-2.344064627889183
0
-0.45815341564368245
-3.1228709228644354
-3.1228709228644354
-3.1228709228644354
-2.219780935872492
-2.344719672480792
-2.821840927200454
-2.008927570557599
-2.645749668144773
-2.4239009185284166
-2.4239009185284166
-2.4239009185284166
1
-0.4889127794492204
-3.0860037056183818
-2.7849737099544005
-2.7849737099544005
-2.7849737099544005
-2.3078524552347384
-2.7849737099544005
-2.387033701282363
-2.7849737099544005
-2.7849737099544005
-2.7849737099544005
-2.7849737099544005
2
-0.484946592231619
-3.1222158782728267
-3.1222158782728267
-3.1222158782728267
-2.219125891280883
-2.0082725259659897
-2.645094623553164
-2.0082725259659897
-2.8211858826088454
-2.520155886944864
-2.520155886944864
-2.520155886944864
0
-0.45815341564368245
-3.1228709228644354
-2.821840927200454
-2.821840927200454
-2.821840927200454
-2.821840927200454
-2.645749668144773
-2.5208109315364733
-2.5208109315364733
-2.5208109315364733
-2.821840927200454
1
-0.4889127794492204
-3.0860037056183818
-2.6088824508987196
-2.6088824508987196
-2.6088824508987196
-2.6088824508987196
-2.387033701282363
-2.3078524552347384
-2.3078524552347384
-2.3078524552347384
-2.3078524552347384
2
-0.484946592231619
-3.1222158782728267
-2.8211858826088454
-2.8211858826088454
-2.8211858826088454
-2.8211858826088454
-2.8211858826088454
-2.423245873936808
-2.423245873936808
-2.423245873936808
-2.423245873936808
0
-0.45815341564368245
-3.1228709228644354
-1.9767428871861976
-1.9767428871861976
-2.219780935872492
-2.344719672480792
-2.5208109315364733
-2.5208109315364733
-2.5208109315364733
1
-0.4889127794492204
-3.0860037056183818
-2.3078524552347384
-2.7849737099544005
-2.7849737099544005
-2.3078524552347384
-2.4839437142904197
-2.4839437142904197
-2.4839437142904197
2
-0.484946592231619
-3.1222158782728267
-2.520155886944864
-2.520155886944864
-2.219125891280883
-2.0082725259659897
-2.344064627889183
-2.344064627889183
-2.344064627889183
0
-0.45815341564368245
-3.1228709228644354
-3.1228709228644354
-3.1228709228644354
-3.1228709228644354
-3.1228709228644354
-2.645749668144773
-2.645749668144773
-2.645749668144773
-2.645749668144773
-2.645749668144773
-2.645749668144773
-2.645749668144773
-2.645749668144773
-2.645749668144773
-2.4239009185284166
-2.645749668144773
-2.645749668144773
1
-0.4889127794492204
-3.0860037056183818
-3.0860037056183818
-3.0860037056183818
-2.7849737099544005
-2.7849737099544005
-2.4839437142904197
-2.4839437142904197
-2.4839437142904197
-2.7849737099544005
-2.7849737099544005
-2.7849737099544005
-2.7849737099544005
-2.7849737099544005
-2.7849737099544005
-2.6088824508987196
-2.6088824508987196
-2.7849737099544005
2
-0.484946592231619
-3.1222158782728267
-3.1222158782728267
-3.1222158782728267
-3.1222158782728267
-3.1222158782728267
-2.8211858826088454
-2.8211858826088454
-2.8211858826088454
-2.8211858826088454
-2.8211858826088454
-2.8211858826088454
-2.8211858826088454
-2.8211858826088454
-2.8211858826088454
-2.8211858826088454
-2.8211858826088454
-2.8211858826088454
0
-0.45815341564368245
-2.645749668144773
-2.645749668144773
-2.645749668144773
-2.645749668144773
-2.821840927200454
-2.821840927200454
-2.821840927200454
1
-0.4889127794492204
-2.6088824508987196
-2.6088824508987196
-2.6088824508987196
-2.7849737099544005
-2.7849737099544005
-2.7849737099544005
-2.7849737099544005
2
-0.484946592231619
-2.645094623553164
-2.645094623553164
-2.645094623553164
-2.645094623553164
-2.8211858826088454
-2.8211858826088454
-2.8211858826088454
0
-0.45815341564368245
-2.645749668144773
-2.645749668144773
-2.645749668144773
-2.645749668144773
-2.219780935872492
-2.219780935872492
1
-0.4889127794492204
-2.7849737099544005
-2.7849737099544005
-2.7849737099544005
-2.6088824508987196
-2.131761196179057
-2.131761196179057
2
-0.484946592231619
-2.8211858826088454
-2.8211858826088454
-2.520155886944864
-2.520155886944864
-2.0808231931146017
-2.0808231931146017
0
-0.45815341564368245
-3.1228709228644354
-3.1228709228644354
-2.821840927200454
-2.821840927200454
-2.821840927200454
-2.645749668144773
-2.645749668144773
-2.5208109315364733
-2.0814782377062104
-2.0814782377062104
-2.0814782377062104
-2.0814782377062104
-2.344719672480792
-2.344719672480792
-2.344719672480792
-2.821840927200454
-2.821840927200454
-2.821840927200454
-2.821840927200454
-2.821840927200454
1
-0.4889127794492204
-3.0860037056183818
-3.0860037056183818
-2.7849737099544005
-2.7849737099544005
-2.3078524552347384
-2.4839437142904197
-2.4839437142904197
-2.6088824508987196
-2.0860037056183818
-2.0860037056183818
-2.0860037056183818
-2.0860037056183818
-2.3078524552347384
-2.3078524552347384
-2.3078524552347384
-2.6088824508987196
-2.6088824508987196
-2.6088824508987196
-2.6088824508987196
-2.7849737099544005
2
-0.484946592231619
-3.1222158782728267
-3.1222158782728267
-3.1222158782728267
-3.1222158782728267
-2.043034632225202
-2.8211858826088454
-2.8211858826088454
-2.520155886944864
-2.344064627889183
-2.344064627889183
-2.344064627889183
-2.344064627889183
-2.0082725259659897
-2.0082725259659897
-2.0082725259659897
-2.520155886944864
-2.520155886944864
-2.520155886944864
-2.8211858826088454
-2.645094623553164
0
-0.45815341564368245
-3.1228709228644354
-2.821840927200454
-2.821840927200454
-2.821840927200454
-2.821840927200454
-2.821840927200454
-2.821840927200454
-2.821840927200454
-2.821840927200454
-2.645749668144773
-2.645749668144773
-2.645749668144773
-2.645749668144773
1
-0.4889127794492204
-3.0860037056183818
-2.6088824508987196
-2.6088824508987196
-2.6088824508987196
-2.6088824508987196
-2.6088824508987196
-2.4839437142904197
-2.6088824508987196
-2.6088824508987196
-2.6088824508987196
-2.6088824508987196
-2.6088824508987196
-2.6088824508987196
2
-0.484946592231619
-3.1222158782728267
-3.1222158782728267
-3.1222158782728267
-2.8211858826088454
-2.8211858826088454
-2.8211858826088454
-2.8211858826088454
-2.8211858826088454
-2.8211858826088454
-2.8211858826088454
-2.8211858826088454
-2.8211858826088454
-2.8211858826088454
0
-0.45815341564368245
-3.1228709228644354
-2.645749668144773
-2.645749668144773
-2.5208109315364733
-2.4239009185284166
-2.4239009185284166
-2.645749668144773
-2.645749668144773
-2.645749668144773
-2.5208109315364733
1
-0.4889127794492204
-3.0860037056183818
-2.6088824508987196
-2.6088824508987196
-2.6088824508987196
-2.6088824508987196
-2.6088824508987196
-2.7849737099544005
-2.7849737099544005
-2.7849737099544005
-2.387033701282363
2
-0.484946592231619
-3.1222158782728267
-3.1222158782728267
-2.8211858826088454
-2.520155886944864
-2.520155886944864
-2.520155886944864
-2.8211858826088454
-2.8211858826088454
-2.8211858826088454
-2.8211858826088454
0
-0.45815341564368245
-2.645749668144773
-2.645749668144773
-2.645749668144773
-2.645749668144773
-2.219780935872492
-2.219780935872492
-2.0814782377062104
-2.645749668144773
1
-0.4889127794492204
-2.7849737099544005
-2.4839437142904197
-2.7849737099544005
-2.7849737099544005
-1.9398756699401438
-1.9398756699401438
-2.0860037056183818
-2.4839437142904197
2
-0.484946592231619
-2.8211858826088454
-2.423245873936808
-2.423245873936808
-2.423245873936808
-2.219125891280883
-2.219125891280883
-2.344064627889183
-2.423245873936808
0
-0.45815341564368245
-2.645749668144773
-2.645749668144773
-2.821840927200454
-2.821840927200454
-2.821840927200454
-2.821840927200454
-2.821840927200454
-2.821840927200454
-2.821840927200454
-2.821840927200454
-2.821840927200454
-2.5208109315364733
-2.5208109315364733
-2.821840927200454
1
-0.4889127794492204
-2.7849737099544005
-2.387033701282363
-2.6088824508987196
-2.6088824508987196
-2.7849737099544005
-2.7849737099544005
-2.3078524552347384
-2.6088824508987196
-2.6088824508987196
-2.6088824508987196
-2.6088824508987196
-2.6088824508987196
-2.6088824508987196
-2.4839437142904197
2
-0.484946592231619
-2.8211858826088454
-2.2771178382585697
-2.2771178382585697
-2.2771178382585697
-2.2771178382585697
-2.2771178382585697
-2.043034632225202
-2.520155886944864
-2.520155886944864
-2.520155886944864
-2.520155886944864
-2.520155886944864
-2.520155886944864
-2.8211858826088454
0
-0.45815341564368245
-3.1228709228644354
-3.1228709228644354
-3.1228709228644354
-2.219780935872492
-2.821840927200454
1
-0.4889127794492204
-3.0860037056183818
-2.7849737099544005
-2.7849737099544005
-2.6088824508987196
-2.0860037056183818
2
-0.484946592231619
-3.1222158782728267
-3.1222158782728267
-3.1222158782728267
-2.520155886944864
-1.9760878425945887
0
-0.45815341564368245
-2.645749668144773
-2.645749668144773
-2.645749668144773
-2.645749668144773
1
-0.4889127794492204
-2.7849737099544005
-2.7849737099544005
-2.7849737099544005
-2.7849737099544005
2
-0.484946592231619
-2.8211858826088454
-2.8211858826088454
-2.8211858826088454
-2.8211858826088454
0
-0.45815341564368245
-3.1228709228644354
-3.1228709228644354
-2.821840927200454
-2.4239009185284166
-2.4239009185284166
-2.4239009185284166
-2.4239009185284166
-2.4239009185284166
-2.4239009185284166
1
-0.4889127794492204
-3.0860037056183818
-2.7849737099544005
-2.7849737099544005
-2.2409056656041253
-2.2409056656041253
-2.2409056656041253
-2.2409056656041253
-2.2409056656041253
-2.2409056656041253
2
-0.484946592231619
-3.1222158782728267
-3.1222158782728267
-2.8211858826088454
-2.645094623553164
-2.645094623553164
-2.423245873936808
-2.423245873936808
-2.423245873936808
-2.423245873936808
0
-0.45815341564368245
-3.1228709228644354
-3.1228709228644354
-3.1228709228644354
-3.1228709228644354
-2.5208109315364733
-2.5208109315364733
-2.5208109315364733
-2.5208109315364733
-2.219780935872492
-2.219780935872492
-2.4239009185284166
-2.4239009185284166
-2.4239009185284166
-2.645749668144773
-2.219780935872492
-2.645749668144773
-2.645749668144773
1
-0.4889127794492204
-3.0860037056183818
-2.7849737099544005
-2.7849737099544005
-2.7849737099544005
-2.1829137186264385
-2.1829137186264385
-2.1829137186264385
-2.1829137186264385
-2.6088824508987196
-2.6088824508987196
-2.2409056656041253
-2.2409056656041253
-2.7849737099544005
-2.6088824508987196
-1.9398756699401438
-2.4839437142904197
-2.4839437142904197
2
-0.484946592231619
-3.1222158782728267
-3.1222158782728267
-3.1222158782728267
-3.1222158782728267
-2.8211858826088454
-2.8211858826088454
-2.8211858826088454
-2.8211858826088454
-2.520155886944864
-2.520155886944864
-2.645094623553164
-2.645094623553164
-2.645094623553164
-2.520155886944864
-2.219125891280883
-2.8211858826088454
-2.8211858826088454
0
-0.45815341564368245
-3.1228709228644354
-3.1228709228644354
-3.1228709228644354
-3.1228709228644354
-2.821840927200454
-2.219780935872492
-2.219780935872492
-2.645749668144773
-2.645749668144773
-2.645749668144773
-2.645749668144773
-2.0814782377062104
-2.0814782377062104
1
-0.4889127794492204
-3.0860037056183818
-2.7849737099544005
-2.7849737099544005
-2.7849737099544005
-2.7849737099544005
-1.9398756699401438
-2.7849737099544005
-2.6088824508987196
-2.6088824508987196
-2.6088824508987196
-2.6088824508987196
-2.0860037056183818
-2.7849737099544005
2
-0.484946592231619
-3.1222158782728267
-2.8211858826088454
-2.8211858826088454
-2.8211858826088454
-2.8211858826088454
-2.219125891280883
-2.645094623553164
-2.645094623553164
-2.645094623553164
-2.8211858826088454
-2.8211858826088454
-2.344064627889183
-2.344064627889183
0
-0.45815341564368245
-2.645749668144773
-2.821840927200454
-2.821840927200454
-2.645749668144773
-2.645749668144773
-2.645749668144773
-2.0436896768168107
-2.821840927200454
-2.821840927200454
-2.821840927200454
-2.821840927200454
-2.821840927200454
-2.645749668144773
-2.219780935872492
-2.821840927200454
1
-0.4889127794492204
-2.7849737099544005
-2.7849737099544005
-2.3078524552347384
-2.7849737099544005
-2.7849737099544005
-2.7849737099544005
-2.6088824508987196
-2.6088824508987196
-2.6088824508987196
-2.6088824508987196
-2.7849737099544005
-2.7849737099544005
-2.1829137186264385
-1.9398756699401438
-2.6088824508987196
2
-0.484946592231619
-2.8211858826088454
-2.8211858826088454
-2.423245873936808
-2.8211858826088454
-2.8211858826088454
-2.8211858826088454
-2.344064627889183
-2.344064627889183
-2.344064627889183
-2.645094623553164
-2.645094623553164
-2.645094623553164
-2.520155886944864
-2.219125891280883
-2.8211858826088454
0
-0.45815341564368245
-3.1228709228644354
-2.821840927200454
-2.821840927200454
-2.277772882850179
-2.277772882850179
-2.4239009185284166
-2.4239009185284166
-2.0814782377062104
-2.0814782377062104
-2.821840927200454
-2.821840927200454
-2.277772882850179
-2.4239009185284166
-2.4239009185284166
1
-0.4889127794492204
-2.7849737099544005
-2.7849737099544005
-2.7849737099544005
-2.2409056656041253
-2.2409056656041253
-2.2409056656041253
-2.2409056656041253
-2.0860037056183818
-2.0860037056183818
-2.7849737099544005
-2.7849737099544005
-2.2409056656041253
-2.2409056656041253
-2.2409056656041253
2
-0.484946592231619
-3.1222158782728267
-2.8211858826088454
-2.8211858826088454
-2.344064627889183
-2.344064627889183
-2.645094623553164
-2.645094623553164
-2.344064627889183
-2.344064627889183
-2.8211858826088454
-2.8211858826088454
-2.344064627889183
-2.645094623553164
-2.645094623553164
0
-0.45815341564368245
-3.1228709228644354
-2.821840927200454
-2.821840927200454
-2.344719672480792
-2.344719672480792
-2.5208109315364733
-2.5208109315364733
-2.5208109315364733
-2.5208109315364733
-2.5208109315364733
-1.9767428871861976
1
-0.4889127794492204
-2.7849737099544005
-2.7849737099544005
-2.7849737099544005
-2.6088824508987196
-2.6088824508987196
-2.387033701282363
-2.387033701282363
-2.387033701282363
-2.387033701282363
-2.387033701282363
-2.3078524552347384
2
-0.484946592231619
-3.1222158782728267
-2.8211858826088454
-2.645094623553164
-2.219125891280883
-2.8211858826088454
-2.520155886944864
-2.520155886944864
-2.520155886944864
-2.423245873936808
-2.423245873936808
-2.520155886944864
0
-0.45815341564368245
-2.645749668144773
-2.4239009185284166
-2.4239009185284166
-2.5208109315364733
-2.5208109315364733
-2.5208109315364733
-2.5208109315364733
-2.5208109315364733
1
-0.4889127794492204
-2.7849737099544005
-2.7849737099544005
-2.7849737099544005
-2.7849737099544005
-2.6088824508987196
-2.7849737099544005
-2.7849737099544005
-2.7849737099544005
2
-0.484946592231619
-2.8211858826088454
-2.645094623553164
-2.645094623553164
-2.520155886944864
-2.8211858826088454
-2.8211858826088454
-2.8211858826088454
-2.8211858826088454
0
-0.45815341564368245
-3.1228709228644354
-3.1228709228644354
-3.1228709228644354
-2.645749668144773
-2.4239009185284166
-2.4239009185284166
-2.4239009185284166
-2.4239009185284166
-2.4239009185284166
-2.4239009185284166
-2.1686284134251106
-2.1686284134251106
1
-0.4889127794492204
-3.0860037056183818
-3.0860037056183818
-3.0860037056183818
-2.7849737099544005
-2.7849737099544005
-2.7849737099544005
-2.7849737099544005
-2.2409056656041253
-2.7849737099544005
-2.7849737099544005
-2.387033701282363
-2.7849737099544005
2
-0.484946592231619
-3.1222158782728267
-3.1222158782728267
-3.1222158782728267
-2.8211858826088454
-2.520155886944864
-2.520155886944864
-2.645094623553164
-2.645094623553164
-2.645094623553164
-2.645094623553164
-2.344064627889183
-2.344064627889183
0
-0.45815341564368245
-3.1228709228644354
-2.645749668144773
-2.645749668144773
-2.645749668144773
-2.219780935872492
-2.645749668144773
-2.645749668144773
-2.1686284134251106
-2.4239009185284166
-2.4239009185284166
-2.1686284134251106
-2.1686284134251106
1
-0.4889127794492204
-3.0860037056183818
-2.4839437142904197
-2.387033701282363
-2.1829137186264385
-2.7849737099544005
-2.7849737099544005
-2.7849737099544005
-2.387033701282363
-2.7849737099544005
-2.7849737099544005
-2.387033701282363
-2.7849737099544005
2
-0.484946592231619
-2.8211858826088454
-2.8211858826088454
-2.2771178382585697
-2.520155886944864
-2.423245873936808
-2.423245873936808
-2.8211858826088454
-2.344064627889183
-2.645094623553164
-2.645094623553164
-2.344064627889183
-2.344064627889183
0
-0.45815341564368245
-2.645749668144773
-2.645749668144773
-2.645749668144773
-2.5208109315364733
-2.5208109315364733
1
-0.4889127794492204
-2.7849737099544005
-2.7849737099544005
-2.7849737099544005
-2.6088824508987196
-2.6088824508987196
2
-0.484946592231619
-2.8211858826088454
-2.8211858826088454
-2.8211858826088454
-2.8211858826088454
-2.8211858826088454
0
-0.45815341564368245
-3.1228709228644354
-2.821840927200454
-2.821840927200454
-2.821840927200454
-2.821840927200454
-2.821840927200454
-2.219780935872492
-2.0814782377062104
1
-0.4889127794492204
-2.7849737099544005
-2.7849737099544005
-2.6088824508987196
-2.6088824508987196
-2.7849737099544005
-2.7849737099544005
-1.9398756699401438
-2.0860037056183818
2
-0.484946592231619
-3.1222158782728267
-2.8211858826088454
-2.645094623553164
-2.645094623553164
-2.645094623553164
-2.645094623553164
-2.219125891280883
-2.344064627889183
0
-0.45815341564368245
-3.1228709228644354
-3.1228709228644354
-3.1228709228644354
-3.1228709228644354
1
-0.4889127794492204
-2.7849737099544005
-2.7849737099544005
-2.7849737099544005
-2.7849737099544005
2
-0.484946592231619
-3.1222158782728267
-3.1222158782728267
-3.1222158782728267
-2.423245873936808
0
-0.45815341564368245
-3.1228709228644354
-3.1228709228644354
-3.1228709228644354
-3.1228709228644354
-3.1228709228644354
-3.1228709228644354
1
-0.4889127794492204
-2.7849737099544005
-2.7849737099544005
-2.7849737099544005
-2.7849737099544005
-2.7849737099544005
-2.7849737099544005
2
-0.484946592231619
-3.1222158782728267
-3.1222158782728267
-3.1222158782728267
-2.520155886944864
-2.520155886944864
-2.8211858826088454
0
-0.45815341564368245
-3.1228709228644354
-3.1228709228644354
-2.645749668144773
-2.645749668144773
1
-0.4889127794492204
-3.0860037056183818
-3.0860037056183818
-2.7849737099544005
-2.7849737099544005
2
-0.484946592231619
-3.1222158782728267
-3.1222158782728267
-2.8211858826088454
-2.8211858826088454
  15    8   12 
   8   13   10 
   6    6    6 

  10    3    4 
   3    7    3 
  16   17   21 

Precision and Recall
Naive Bayes:
  Positive: 
    Precision: 0.43
    Recall:    0.52
  Neutral: 
    Precision: 0.42
    Recall:    0.48
  Negative: 
    Precision: 0.33
    Recall:    0.21
Logistic Regression:
  Positive: 
    Precision: 0.59
    Recall:    0.34
  Neutral: 
    Precision: 0.54
    Recall:    0.26
  Negative: 
    Precision: 0.39
    Recall:    0.75

